Bulbasaur,1.0,45,49,49,65,65,45
Ivysaur,2.0,60,62,63,80,80,60
Venusaur,3.0,80,82,83,100,100,80
Charmander,4.0,39,52,43,60,50,65
Charmeleon,5.0,58,64,58,80,65,80
Charizard,6.0,78,84,78,109,85,100
Squirtle,7.0,44,48,65,60,54,43
Wartortle,8.0,59,63,80,65,80,58
Blastoise,9.0,79,83,100,85,105,78
Caterpie,10.0,45,30,35,20,20,45
Metapod,11.0,50,20,55,25,25,30
Butterfree,12.0,60,45,50,90,80,70
Weedle,13.0,40,35,30,20,20,50
Kakuna,14.0,45,25,50,25,25,35
Beedrill,15.0,65,90,40,40,80,75
Pidgey,16.0,40,45,40,35,35,56
Pidgeotto,17.0,63,60,55,50,50,71
Pidgeot,18.0,83,80,75,70,70,91
Rattata,19.0,30,56,35,25,35,72
Rattata(Alolan),19.1,30,56,35,25,35,72
Raticate,20.0,55,81,60,50,70,97
Raticate(Alolan),20.1,75,71,70,40,80,77
Spearow,21.0,40,60,30,31,31,70
Fearow,22.0,65,90,65,61,61,100
Ekans,23.0,30,60,44,40,54,55
Arbok,24.0,60,95,69,65,79,80
Pikachu,25.0,35,55,40,50,50,90
Raichu,26.0,60,90,55,90,80,110
Raichu(Alolan),26.1,60,85,50,95,85,110
Sandshrew,27.0,50,75,85,20,30,40
Sandshrew(Alolan),27.1,50,75,90,10,35,40
Sandslash,28.0,75,100,110,45,55,65
Sandslash(Alolan),28.1,75,100,120,25,65,65
Nidoran(Female),29.0,55,47,52,40,40,41
Nidorina,30.0,70,62,67,55,55,56
Nidoqueen,31.0,90,92,87,75,85,76
Nidoran(Male),32.0,46,57,40,40,40,50
Nidorino,33.0,61,72,57,55,55,65
Nidoking,34.0,81,102,77,85,75,85
Clefairy,35.0,70,45,48,60,65,35
Clefable,36.0,95,70,73,95,90,60
Vulpix,37.0,38,41,40,50,65,65
Vulpix(Alolan),37.1,38,41,40,50,65,65
Ninetales,38.0,73,76,75,81,100,100
Ninetales(Alolan),38.1,73,67,75,81,100,109
Jigglypuff,39.0,115,45,20,45,25,20
Wigglytuff,40.0,140,70,45,85,50,45
Zubat,41.0,40,45,35,30,40,55
Golbat,42.0,75,80,70,65,75,90
Oddish,43.0,45,50,55,75,65,30
Gloom,44.0,60,65,70,85,75,40
Vileplume,45.0,75,80,85,110,90,50
Paras,46.0,35,70,55,45,55,25
Parasect,47.0,60,95,80,60,80,30
Venonat,48.0,60,55,50,40,55,45
Venomoth,49.0,70,65,60,90,75,90
Diglett,50.0,10,55,25,35,45,95
Diglett(Alolan),50.1,10,55,30,35,45,90
Dugtrio,51.0,35,100,50,50,70,120
Dugtrio(Alolan),51.1,35,100,60,50,70,110
Meowth,52.0,40,45,35,40,40,90
Meowth(Alolan),52.1,40,35,35,50,40,90
Meowth(Galarian),52.2,50,65,55,40,40,40
Persian,53.0,65,70,60,65,65,115
Persian(Alolan),53.1,65,60,60,75,65,115
Psyduck,54.0,50,52,48,65,50,55
Golduck,55.0,80,82,78,95,80,85
Mankey,56.0,40,80,35,35,45,70
Primeape,57.0,65,105,60,60,70,95
Growlithe,58.0,55,70,45,70,50,60
Growlithe(Hisuian),58.1,60,75,45,65,50,55
Arcanine,59.0,90,110,80,100,80,95
Arcanine(Hisuian),59.1,95,115,80,95,80,90
Poliwag,60.0,40,50,40,40,40,90
Poliwhirl,61.0,65,65,65,50,50,90
Poliwrath,62.0,90,95,95,70,90,70
Abra,63.0,25,20,15,105,55,90
Kadabra,64.0,40,35,30,120,70,105
Alakazam,65.0,55,50,45,135,95,120
Machop,66.0,70,80,50,35,35,35
Machoke,67.0,80,100,70,50,60,45
Machamp,68.0,90,130,80,65,85,55
Bellsprout,69.0,50,75,35,70,30,40
Weepinbell,70.0,65,90,50,85,45,55
Victreebel,71.0,80,105,65,100,70,70
Tentacool,72.0,40,40,35,50,100,70
Tentacruel,73.0,80,70,65,80,120,100
Geodude,74.0,40,80,100,30,30,20
Geodude(Alolan),74.1,40,80,100,30,30,20
Graveler,75.0,55,95,115,45,45,35
Graveler(Alolan),75.1,55,95,115,45,45,35
Golem,76.0,80,120,130,55,65,45
Golem(Alolan),76.1,80,120,130,55,65,45
Ponyta,77.0,50,85,55,65,65,90
Ponyta(Galarian),77.1,50,85,55,65,65,90
Rapidash,78.0,65,100,70,80,80,105
Rapidash(Galarian),78.1,65,100,70,80,80,105
Slowpoke,79.0,90,65,65,40,40,15
Slowpoke(Galarian),79.1,90,65,65,40,40,15
Slowbro,80.0,95,75,110,100,80,30
Slowbro(Galarian),80.2,95,100,85,100,70,30
Magnemite,81.0,25,35,70,95,55,45
Magneton,82.0,50,60,95,120,70,70
Farfetch'd,83.0,52,90,55,58,62,60
Farfetch'd(Galarian),83.1,52,95,55,58,62,55
Doduo,84.0,35,85,45,35,35,75
Dodrio,85.0,60,110,70,60,60,110
Seel,86.0,65,45,55,45,70,45
Dewgong,87.0,90,70,80,70,95,70
Grimer,88.0,80,80,50,40,50,25
Grimer(Alolan),88.1,80,80,50,40,50,25
Muk,89.0,105,105,75,65,100,50
Muk(Alolan),89.1,105,105,75,65,100,50
Shellder,90.0,30,65,100,45,25,40
Cloyster,91.0,50,95,180,85,45,70
Gastly,92.0,30,35,30,100,35,80
Haunter,93.0,45,50,45,115,55,95
Gengar,94.0,60,65,60,130,75,110
Onix,95.0,35,45,160,30,45,70
Drowzee,96.0,60,48,45,43,90,42
Hypno,97.0,85,73,70,73,115,67
Krabby,98.0,30,105,90,25,25,50
Kingler,99.0,55,130,115,50,50,75
Voltorb,100.0,40,30,50,55,55,100
Voltorb(Hisuian),100.1,40,30,50,55,55,100
Electrode,101.0,60,50,70,80,80,150
Electrode(Hisuian),101.1,60,50,70,80,80,150
Exeggcute,102.0,60,40,80,60,45,40
Exeggutor,103.0,95,95,85,125,75,55
Exeggutor(Alolan),103.1,95,105,85,125,75,45
Cubone,104.0,50,50,95,40,50,35
Marowak,105.0,60,80,110,50,80,45
Marowak(Alolan),105.1,60,80,110,50,80,45
Hitmonlee,106.0,50,120,53,35,110,87
Hitmonchan,107.0,50,105,79,35,110,76
Lickitung,108.0,90,55,75,60,75,30
Koffing,109.0,40,65,95,60,45,35
Weezing,110.0,65,90,120,85,70,60
Weezing(Galarian),110.1,65,90,120,85,70,60
Rhyhorn,111.0,80,85,95,30,30,25
Rhydon,112.0,105,130,120,45,45,40
Chansey,113.0,250,5,5,35,105,50
Tangela,114.0,65,55,115,100,40,60
Kangaskhan,115.0,105,95,80,40,80,90
Horsea,116.0,30,40,70,70,25,60
Seadra,117.0,55,65,95,95,45,85
Goldeen,118.0,45,67,60,35,50,63
Seaking,119.0,80,92,65,65,80,68
Staryu,120.0,30,45,55,70,55,85
Starmie,121.0,60,75,85,100,85,115
Mr.-Mime,122.0,40,45,65,100,120,90
Mr.-Mime(Galarian),122.1,50,65,65,90,90,100
Scyther,123.0,70,110,80,55,80,105
Jynx,124.0,65,50,35,115,95,95
Electabuzz,125.0,65,83,57,95,85,105
Magmar,126.0,65,95,57,100,85,93
Pinsir,127.0,65,125,100,55,70,85
Tauros,128.0,75,100,95,40,70,110
Tauros(Paldean-Combat),128.1,75,110,105,30,70,100
Tauros(Paldean-Blaze),128.2,75,110,105,30,70,100
Tauros(Paldean-Aqua),128.3,75,110,105,30,70,100
Magikarp,129.0,20,10,55,15,20,80
Gyarados,130.0,95,125,79,60,100,81
Lapras,131.0,130,85,80,85,95,60
Ditto,132.0,48,48,48,48,48,48
Eevee,133.0,55,55,50,45,65,55
Vaporeon,134.0,130,65,60,110,95,65
Jolteon,135.0,65,65,60,110,95,130
Flareon,136.0,65,130,60,95,110,65
Porygon,137.0,65,60,70,85,75,40
Omanyte,138.0,35,40,100,90,55,35
Omastar,139.0,70,60,125,115,70,55
Kabuto,140.0,30,80,90,55,45,55
Kabutops,141.0,60,115,105,65,70,80
Aerodactyl,142.0,80,105,65,60,75,130
Snorlax,143.0,160,110,65,65,110,30
Dratini,147.0,41,64,45,50,50,50
Dragonair,148.0,61,84,65,70,70,70
Dragonite,149.0,91,134,95,100,100,80
Chikorita,152.0,45,49,65,49,65,45
Bayleef,153.0,60,62,80,63,80,69
Meganium,154.0,80,82,100,83,100,80
Cyndaquil,155.0,39,52,43,60,50,65
Quilava,156.0,58,64,58,80,65,80
Typhlosion,157.0,78,84,78,109,85,100
Typhlosion(Hisuian),157.1,73,84,78,119,85,95
Totodile,158.0,50,65,64,44,48,43
Croconaw,159.0,65,80,80,59,63,58
Feraligatr,160.0,85,105,100,79,83,78
Sentret,161.0,35,46,34,35,45,20
Furret,162.0,85,76,64,45,55,90
Hoothoot,163.0,60,30,30,36,56,50
Noctowl,164.0,100,50,50,86,96,70
Ledyba,165.0,40,20,30,40,80,55
Ledian,166.0,55,35,50,55,110,85
Spinarak,167.0,40,60,40,40,40,30
Ariados,168.0,70,90,70,60,70,40
Crobat,169.0,85,90,80,70,80,130
Chinchou,170.0,75,38,38,56,56,67
Lanturn,171.0,125,58,58,76,76,67
Pichu,172.0,20,40,15,35,35,60
Cleffa,173.0,50,25,28,45,55,15
Igglybuff,174.0,90,30,15,40,20,15
Togepi,175.0,35,20,65,40,65,20
Togetic,176.0,55,40,85,80,105,40
Natu,177.0,40,50,45,70,45,70
Xatu,178.0,65,75,70,95,70,95
Mareep,179.0,55,40,40,65,45,35
Flaaffy,180.0,70,55,55,80,60,45
Ampharos,181.0,90,75,85,115,90,55
Bellossom,182.0,75,80,95,90,100,50
Marill,183.0,70,20,50,20,50,40
Azumarill,184.0,100,50,80,60,80,50
Sudowoodo,185.0,70,100,115,30,65,30
Politoed,186.0,90,75,75,90,100,70
Hoppip,187.0,35,35,40,35,55,50
Skiploom,188.0,55,45,50,45,65,80
Jumpluff,189.0,75,55,70,55,95,110
Aipom,190.0,55,70,55,40,55,85
Sunkern,191.0,30,30,30,30,30,30
Sunflora,192.0,75,75,55,105,85,30
Yanma,193.0,65,65,45,75,45,95
Wooper,194.0,55,45,45,25,25,15
Wooper(Paldean),194.1,55,45,45,25,25,15
Quagsire,195.0,95,85,85,65,65,35
Espeon,196.0,65,65,60,130,95,110
Umbreon,197.0,95,65,110,60,130,65
Murkrow,198.0,60,85,42,85,42,91
Slowking,199.0,95,75,80,100,110,30
Slowking(Galarian),199.1,95,65,80,110,110,30
Misdreavus,200.0,60,60,60,85,85,85
Unown,201.0,48,72,48,72,48,48
Wobbuffet,202.0,190,33,58,33,58,33
Girafarig,203.0,70,80,65,90,65,85
Pineco,204.0,50,65,90,35,35,15
Forretress,205.0,75,90,140,60,60,40
Dunsparce,206.0,100,70,70,65,65,45
Gligar,207.0,65,75,105,35,65,85
Steelix,208.0,75,85,200,55,65,30
Snubbull,209.0,60,80,50,40,40,30
Granbull,210.0,90,120,75,60,60,45
Qwilfish,211.0,65,95,85,55,55,85
Qwilfish(Hisuian),211.1,65,95,85,55,55,85
Scizor,212.0,70,130,100,55,80,65
Shuckle,213.0,20,10,230,10,230,5
Heracross,214.0,80,125,75,40,95,85
Sneasel,215.0,55,95,55,35,75,115
Sneasel(Hisuian),215.1,55,95,55,35,75,115
Teddiursa,216.0,60,80,50,50,50,40
Ursaring,217.0,90,130,75,75,75,55
Slugma,218.0,40,40,40,70,40,20
Magcargo,219.0,60,50,120,90,80,30
Swinub,220.0,50,50,40,30,30,50
Piloswine,221.0,100,100,80,60,60,50
Corsola,222.0,65,55,95,65,95,35
Corsola(Galarian),222.1,60,55,100,65,100,30
Remoraid,223.0,35,65,35,65,35,65
Octillery,224.0,75,105,75,105,75,45
Delibird,225.0,45,55,45,65,45,75
Mantine,226.0,85,40,70,80,140,70
Skarmory,227.0,65,80,140,40,70,70
Houndour,228.0,45,60,30,80,50,65
Houndoom,229.0,75,90,50,110,80,95
Kingdra,230.0,75,95,95,95,95,85
Phanpy,231.0,90,60,60,40,40,40
Donphan,232.0,90,120,120,60,60,50
Porygon2,233.0,85,80,90,105,95,60
Stantler,234.0,73,95,62,85,65,85
Smeargle,235.0,55,20,35,20,45,75
Tyrogue,236.0,35,35,35,35,35,35
Hitmontop,237.0,50,95,95,35,110,70
Smoochum,238.0,45,30,15,85,65,65
Elekid,239.0,45,63,37,65,55,95
Magby,240.0,45,75,37,70,55,83
Miltank,241.0,95,80,105,40,70,100
Blissey,242.0,255,10,10,75,135,55
Larvitar,246.0,50,64,50,45,50,41
Pupitar,247.0,70,84,70,65,70,51
Tyranitar,248.0,100,134,110,95,100,61
Treecko,252.0,40,45,35,65,55,70
Grovyle,253.0,50,65,45,85,65,95
Sceptile,254.0,70,85,65,105,85,120
Torchic,255.0,45,60,40,70,50,45
Combusken,256.0,60,85,60,85,60,55
Blaziken,257.0,80,120,70,110,70,80
Mudkip,258.0,50,70,50,50,50,40
Marshtomp,259.0,70,85,70,60,70,50
Swampert,260.0,100,110,90,85,90,60
Poochyena,261.0,35,55,35,30,30,35
Mightyena,262.0,70,90,70,60,60,70
Zigzagoon,263.0,38,30,41,30,41,60
Zigzagoon(Galarian),263.1,38,30,41,30,41,60
Linoone,264.0,78,70,61,50,61,100
Linoone(Galarian),264.1,78,70,61,50,61,100
Wurmple,265.0,45,45,35,20,30,20
Silcoon,266.0,50,35,55,25,25,15
Beautifly,267.0,60,70,50,100,50,65
Cascoon,268.0,50,35,55,25,25,15
Dustox,269.0,60,50,70,50,90,65
Lotad,270.0,40,30,30,40,50,30
Lombre,271.0,60,50,50,60,70,50
Ludicolo,272.0,80,70,70,90,100,70
Seedot,273.0,40,40,50,30,30,30
Nuzleaf,274.0,70,70,40,60,40,60
Shiftry,275.0,90,100,60,90,60,80
Taillow,276.0,40,55,30,30,30,85
Swellow,277.0,60,85,60,75,50,125
Wingull,278.0,40,30,30,55,30,85
Pelipper,279.0,60,50,100,95,70,65
Ralts,280.0,28,25,25,45,35,40
Kirlia,281.0,38,35,35,65,55,50
Gardevoir,282.0,68,65,65,125,115,80
Surskit,283.0,40,30,32,50,52,65
Masquerain,284.0,70,60,62,100,82,80
Shroomish,285.0,60,40,60,40,60,35
Breloom,286.0,60,130,80,60,60,70
Slakoth,287.0,60,60,60,35,35,30
Vigoroth,288.0,80,80,80,55,55,90
Slaking,289.0,150,160,100,95,65,100
Nincada,290.0,31,45,90,30,30,40
Ninjask,291.0,61,90,45,50,50,160
Shedinja,292.0,1,90,45,30,30,40
Whismur,293.0,64,51,23,51,23,28
Loudred,294.0,84,71,43,71,43,48
Exploud,295.0,104,91,63,91,73,68
Makuhita,296.0,72,60,30,20,30,25
Hariyama,297.0,144,120,60,40,60,50
Azurill,298.0,50,20,40,20,40,20
Nosepass,299.0,30,45,135,45,90,30
Skitty,300.0,50,45,45,35,35,50
Delcatty,301.0,70,65,65,55,55,90
Sableye,302.0,50,75,75,65,65,50
Mawile,303.0,50,85,85,55,55,50
Aron,304.0,50,70,100,40,40,30
Lairon,305.0,60,90,140,50,50,40
Aggron,306.0,70,110,180,60,60,50
Meditite,307.0,30,40,55,40,55,60
Medicham,308.0,60,60,75,60,75,80
Electrike,309.0,40,45,40,65,40,65
Manectric,310.0,70,75,60,105,60,105
Plusle,311.0,60,50,40,85,75,95
Minun,312.0,60,40,50,75,85,95
Volbeat,313.0,65,73,75,47,85,85
Illumise,314.0,65,47,75,73,85,85
Roselia,315.0,50,60,45,100,80,65
Gulpin,316.0,70,43,53,43,53,40
Swalot,317.0,100,73,83,73,83,55
Carvanha,318.0,45,90,20,65,20,65
Sharpedo,319.0,70,120,40,95,40,95
Wailmer,320.0,130,70,35,70,35,60
Wailord,321.0,170,90,45,90,45,60
Numel,322.0,60,60,40,65,45,35
Camerupt,323.0,70,100,70,105,75,40
Torkoal,324.0,70,85,140,85,70,20
Spoink,325.0,60,25,35,70,80,60
Grumpig,326.0,80,45,65,90,110,80
Spinda,327.0,60,60,60,60,60,60
Trapinch,328.0,45,100,45,45,45,10
Vibrava,329.0,50,70,50,50,50,70
Flygon,330.0,80,100,80,80,80,100
Cacnea,331.0,50,85,40,85,40,35
Cacturne,332.0,70,115,60,115,60,55
Swablu,333.0,45,40,60,40,75,50
Altaria,334.0,75,70,90,70,105,80
Zangoose,335.0,73,115,60,60,60,90
Seviper,336.0,73,100,60,100,60,65
Lunatone,337.0,90,55,65,95,85,70
Solrock,338.0,90,95,85,55,65,70
Barboach,339.0,50,48,43,46,41,60
Whiscash,340.0,110,78,73,76,71,60
Corphish,341.0,43,80,65,50,35,35
Crawdaunt,342.0,63,120,85,90,55,55
Baltoy,343.0,40,40,55,40,70,55
Claydol,344.0,60,70,105,70,120,75
Lileep,345.0,66,41,77,61,87,23
Cradily,346.0,86,81,97,81,107,43
Anorith,347.0,45,95,50,40,50,75
Armaldo,348.0,75,125,100,70,80,45
Feebas,349.0,20,15,20,10,55,80
Milotic,350.0,95,60,79,100,125,81
Castform(Normal),351.0,70,70,70,70,70,70
Castform(Rainy),351.1,70,70,70,70,70,70
Castform(Snowy),351.2,70,70,70,70,70,70
Castform(Sunny),351.3,70,70,70,70,70,70
Kecleon,352.0,60,90,70,60,120,40
Shuppet,353.0,44,75,35,63,33,45
Banette,354.0,64,115,65,83,63,65
Duskull,355.0,20,40,90,30,90,25
Dusclops,356.0,40,70,130,60,130,25
Tropius,357.0,99,68,83,72,87,51
Chimecho,358.0,75,50,89,95,90,65
Absol,359.0,65,130,60,75,60,75
Wynaut,360.0,95,23,48,23,48,23
Snorunt,361.0,50,50,50,50,50,50
Glalie,362.0,80,80,80,80,80,80
Spheal,363.0,70,40,50,55,50,25
Sealeo,364.0,90,60,70,75,70,45
Walrein,365.0,110,80,90,95,90,65
Clamperl,366.0,35,64,85,74,55,32
Huntail,367.0,55,104,105,94,75,52
Gorebyss,368.0,55,84,105,114,75,52
Relicanth,369.0,100,90,130,45,65,55
Luvdisc,370.0,43,30,55,40,65,97
Bagon,371.0,45,75,60,40,30,50
Shelgon,372.0,65,95,100,60,50,50
Salamence,373.0,95,135,80,110,80,100
Beldum,374.0,40,55,80,35,60,30
Metang,375.0,60,75,100,55,80,50
Metagross,376.0,80,135,130,95,90,70
Turtwig,387.0,55,68,64,45,55,31
Grotle,388.0,75,89,85,55,65,36
Torterra,389.0,95,109,105,75,85,56
Chimchar,390.0,44,58,44,58,44,61
Monferno,391.0,64,78,52,78,52,81
Infernape,392.0,76,104,71,104,71,108
Piplup,393.0,53,51,53,61,56,40
Prinplup,394.0,64,66,68,81,76,50
Empoleon,395.0,84,86,88,111,101,60
Starly,396.0,40,55,30,30,30,60
Staravia,397.0,55,75,50,40,40,80
Staraptor,398.0,85,120,70,50,60,100
Bidoof,399.0,59,45,40,35,40,31
Bibarel,400.0,79,85,60,60,71,55
Kricketot,401.0,37,25,41,25,41,25
Kricketune,402.0,77,85,51,55,51,65
Shinx,403.0,45,65,34,40,34,45
Luxio,404.0,60,85,49,60,49,60
Luxray,405.0,80,120,79,95,79,70
Budew,406.0,40,30,35,50,70,55
Roserade,407.0,60,70,65,125,105,90
Cranidos,408.0,67,125,40,30,30,58
Rampardos,409.0,97,165,60,65,50,58
Shieldon,410.0,30,42,118,42,88,30
Bastiodon,411.0,60,52,168,47,138,30
Burmy(Plant),412.0,40,29,45,29,45,36
Burmy(Sandy),412.1,40,29,45,29,45,36
Burmy(Trash),412.2,40,29,45,29,45,36
Wormadam(Plant),413.0,60,59,85,79,105,36
Wormadam(Sandy),413.1,60,79,105,59,85,36
Wormadam(Trash),413.2,60,69,95,69,95,36
Mothim,414.0,70,94,50,94,50,66
Combee,415.0,30,30,42,30,42,70
Vespiquen,416.0,70,80,102,80,102,40
Pachirisu,417.0,60,45,70,45,90,95
Buizel,418.0,55,65,35,60,30,85
Floatzel,419.0,85,105,55,85,50,115
Cherubi,420.0,45,35,45,62,53,35
Cherrim(Overcast),421.0,70,60,70,87,78,85
Cherrim(Sunshine),421.1,70,60,70,87,78,85
Shellos(East),422.0,76,48,48,57,62,34
Shellos(West),422.1,76,48,48,57,62,34
Gastrodon(East),423.0,111,83,68,92,82,39
Gastrodon(West),423.1,111,83,68,92,82,39
Ambipom,424.0,75,100,66,60,66,115
Drifloon,425.0,90,50,34,60,44,70
Drifblim,426.0,150,80,44,90,54,80
Buneary,427.0,55,66,44,44,56,85
Lopunny,428.0,65,76,84,54,96,105
Mismagius,429.0,60,60,60,105,105,105
Honchkrow,430.0,100,125,52,105,52,71
Glameow,431.0,49,55,42,42,37,85
Purugly,432.0,71,82,64,64,59,112
Chingling,433.0,45,30,50,65,50,45
Stunky,434.0,63,63,47,41,41,74
Skuntank,435.0,103,93,67,71,61,84
Bronzor,436.0,57,24,86,24,86,23
Bronzong,437.0,67,89,116,79,116,33
Bonsly,438.0,50,80,95,10,45,10
Mime-Jr.,439.0,20,25,45,70,90,60
Happiny,440.0,100,5,5,15,65,30
Chatot,441.0,76,65,45,92,42,91
Spiritomb,442.0,50,92,108,92,108,35
Gible,443.0,58,70,45,40,45,42
Gabite,444.0,68,90,65,50,55,82
Garchomp,445.0,108,130,95,80,85,102
Munchlax,446.0,135,85,40,40,85,5
Riolu,447.0,40,70,40,35,40,60
Lucario,448.0,70,110,70,115,70,90
Hippopotas,449.0,68,72,78,38,42,32
Hippowdon,450.0,108,112,118,68,72,47
Skorupi,451.0,40,50,90,30,55,65
Drapion,452.0,70,90,110,60,75,95
Croagunk,453.0,48,61,40,61,40,50
Toxicroak,454.0,83,106,65,86,65,85
Carnivine,455.0,74,100,72,90,72,46
Finneon,456.0,49,49,56,49,61,66
Lumineon,457.0,69,69,76,69,86,91
Mantyke,458.0,45,20,50,60,120,50
Snover,459.0,60,62,50,62,60,40
Abomasnow,460.0,90,92,75,92,85,60
Weavile,461.0,70,120,65,45,85,125
Magnezone,462.0,70,70,115,130,90,60
Lickilicky,463.0,110,85,95,80,95,50
Rhyperior,464.0,115,140,130,55,55,40
Tangrowth,465.0,100,100,125,110,50,50
Electivire,466.0,75,123,67,95,85,95
Magmortar,467.0,75,95,67,125,95,83
Togekiss,468.0,85,50,95,120,115,80
Yanmega,469.0,86,76,86,116,56,95
Leafeon,470.0,65,110,130,60,65,95
Glaceon,471.0,65,60,110,130,95,65
Gliscor,472.0,75,95,125,45,75,95
Mamoswine,473.0,110,130,80,70,60,80
Porygon-Z,474.0,85,80,70,135,75,90
Gallade,475.0,68,125,65,65,115,80
Probopass,476.0,60,55,145,75,150,40
Dusknoir,477.0,45,100,135,65,135,45
Froslass,478.0,70,80,70,80,70,110
Rotom,479.0,50,50,77,95,77,91
Rotom(Heat),479.1,50,65,107,105,107,86
Rotom(Wash),479.2,50,65,107,105,107,86
Rotom(Frost),479.3,50,65,107,105,107,86
Rotom(Fan),479.4,50,65,107,105,107,86
Rotom(Mow),479.5,50,65,107,105,107,86
Snivy,495.0,45,45,55,45,55,63
Servine,496.0,60,60,75,60,75,83
Serperior,497.0,75,75,95,75,95,113
Tepig,498.0,65,63,45,45,45,45
Pignite,499.0,90,93,55,70,55,55
Emboar,500.0,110,123,65,100,65,65
Oshawott,501.0,55,55,45,63,45,45
Dewott,502.0,75,75,60,83,60,60
Samurott,503.0,95,100,85,108,70,70
Samurott(Hisuian),503.1,90,108,80,100,65,85
Patrat,504.0,45,55,39,35,39,42
Watchog,505.0,60,85,69,60,69,77
Lillipup,506.0,45,60,45,25,45,55
Herdier,507.0,65,80,65,35,65,60
Stoutland,508.0,85,110,90,45,90,80
Purrloin,509.0,41,50,37,50,37,66
Liepard,510.0,64,88,50,88,50,106
Pansage,511.0,50,53,48,53,48,64
Simisage,512.0,75,98,63,98,63,101
Pansear,513.0,50,53,48,53,48,64
Simisear,514.0,75,98,63,98,63,101
Panpour,515.0,50,53,48,53,48,64
Simipour,516.0,75,98,63,98,63,101
Munna,517.0,76,25,45,67,55,24
Musharna,518.0,116,55,85,107,95,29
Pidove,519.0,50,55,50,36,30,43
Tranquill,520.0,62,77,62,50,42,65
Unfezant,521.0,80,115,80,65,55,93
Blitzle,522.0,45,60,32,50,32,76
Zebstrika,523.0,75,100,63,80,63,116
Roggenrola,524.0,55,75,85,25,25,15
Boldore,525.0,70,105,105,50,40,20
Gigalith,526.0,85,135,130,60,80,25
Woobat,527.0,65,45,43,55,43,72
Swoobat,528.0,67,57,55,77,55,114
Drilbur,529.0,60,85,40,30,45,68
Excadrill,530.0,110,135,60,50,65,88
Audino,531.0,103,60,86,60,86,50
Timburr,532.0,75,80,55,25,35,35
Gurdurr,533.0,85,105,85,40,50,40
Conkeldurr,534.0,105,140,95,55,65,45
Tympole,535.0,50,50,40,50,40,64
Palpitoad,536.0,75,65,55,65,55,69
Seismitoad,537.0,105,95,75,85,75,74
Throh,538.0,120,100,85,30,85,45
Sawk,539.0,75,125,75,30,75,85
Sewaddle,540.0,45,53,70,40,60,42
Swadloon,541.0,55,63,90,50,80,42
Leavanny,542.0,75,103,80,70,80,92
Venipede,543.0,30,45,59,30,39,57
Whirlipede,544.0,40,55,99,40,79,47
Scolipede,545.0,60,100,89,55,69,112
Cottonee,546.0,40,27,60,37,50,66
Whimsicott,547.0,60,67,85,77,75,116
Petilil,548.0,45,35,50,70,50,30
Lilligant,549.0,70,60,75,110,75,90
Lilligant(Hisuian),549.1,70,105,75,50,75,105
Basculin(Red-Striped),550.0,70,92,65,80,55,98
Basculin(Blue-STriped),550.1,70,92,65,80,55,98
Basculin(Hisuian),550.2,70,92,65,80,55,98
Sandile,551.0,50,72,35,35,35,65
Krokorok,552.0,60,82,45,45,45,74
Krookodile,553.0,95,117,80,65,70,92
Darumaka,554.0,70,90,45,15,45,50
Darumaka(Galarian),554.1,70,90,45,15,45,50
Darmanitan,555.0,105,140,55,30,55,95
Darmanitan(Zen-Mode),555.1,105,30,105,140,105,55
Darmanitan(Galarian),555.2,105,140,55,30,55,95
Darmanitan(Galarian-Zen-Mode),555.3,105,160,55,30,55,135
Maractus,556.0,75,86,67,106,67,60
Dwebble,557.0,50,65,85,35,35,55
Crustle,558.0,70,105,125,65,75,45
Scraggy,559.0,50,75,70,35,70,48
Scrafty,560.0,65,90,115,45,115,58
Sigilyph,561.0,72,58,80,103,80,97
Yamask,562.0,38,30,85,55,65,30
Yamask(Galarian),562.1,38,55,85,30,65,30
Cofagrigus,563.0,58,50,145,95,105,30
Tirtouga,564.0,54,78,103,53,45,22
Carracosta,565.0,74,108,133,83,65,32
Archen,566.0,55,112,45,74,45,70
Archeops,567.0,75,140,65,112,65,110
Trubbish,568.0,50,50,62,40,62,65
Garbodor,569.0,80,95,92,60,82,75
Zorua,570.0,40,65,40,80,40,65
Zorua(Hisuian),570.1,35,60,40,85,40,70
Zoroark,571.0,60,105,60,120,60,105
Zoroark(Hisuian),571.1,55,100,60,125,60,110
Minccino,572.0,55,50,40,40,40,75
Cinccino,573.0,75,95,60,65,60,115
Gothita,574.0,45,30,50,55,65,45
Gothorita,575.0,60,45,70,75,85,55
Gothitelle,576.0,70,55,95,95,110,65
Solosis,577.0,45,30,40,105,50,20
Duosion,578.0,65,40,50,125,60,30
Reuniclus,579.0,110,65,75,125,85,30
Ducklett,580.0,62,44,50,44,50,55
Swanna,581.0,75,87,63,87,63,98
Vanillite,582.0,36,50,50,65,60,44
Vanillish,583.0,51,65,65,80,75,59
Vanilluxe,584.0,71,95,85,110,95,79
Deerling(Spring),585.0,60,60,50,40,50,75
Deerling(Summer),585.1,60,60,50,40,50,75
Deerling(Autumn),585.2,60,60,50,40,50,75
Deerling(Winter),585.3,60,60,50,40,50,75
Sawsbuck,586.0,80,100,70,60,70,95
Emolga,587.0,55,75,60,75,60,103
Karrablast,588.0,50,75,45,40,45,60
Escavalier,589.0,70,135,105,60,105,20
Foongus,590.0,69,55,45,55,55,15
Amoonguss,591.0,114,85,70,85,80,30
Frillish,592.0,55,40,50,65,85,40
Jellicent,593.0,100,60,70,85,105,60
Alomomola,594.0,165,75,80,40,45,65
Joltik,595.0,50,47,50,57,50,65
Galvantula,596.0,70,77,60,97,60,108
Ferroseed,597.0,44,50,91,24,86,10
Ferrothorn,598.0,74,94,131,54,116,20
Klink,599.0,40,55,70,45,60,30
Klang,600.0,60,80,95,70,85,50
Klinklang,601.0,60,100,115,70,85,90
Tynamo,602.0,35,55,40,45,40,60
Eelektrik,603.0,65,85,70,75,70,40
Eelektross,604.0,85,115,80,105,80,50
Elgyem,605.0,55,55,55,85,55,30
Beheeyem,606.0,75,75,75,125,95,40
Litwick,607.0,50,30,55,65,55,20
Lampent,608.0,60,40,60,95,60,55
Chandelure,609.0,60,55,90,145,90,80
Axew,610.0,46,87,60,30,40,57
Fraxure,611.0,66,117,70,40,50,67
Haxorus,612.0,76,147,90,60,70,97
Cubchoo,613.0,55,70,40,60,40,40
Beartic,614.0,95,130,80,70,80,50
Cryogonal,615.0,80,50,50,95,135,105
Shelmet,616.0,50,40,85,40,65,25
Accelgor,617.0,80,70,40,100,60,145
Stunfisk,618.0,109,66,84,81,99,32
Stunfisk(Galarian),618.1,109,81,99,66,84,32
Mienfoo,619.0,45,85,50,55,50,65
Mienshao,620.0,65,125,60,95,60,105
Druddigon,621.0,77,120,90,60,90,48
Golett,622.0,59,74,50,35,50,35
Golurk,623.0,89,124,80,55,80,55
Pawniard,624.0,45,85,70,40,40,60
Bisharp,625.0,65,125,100,60,70,70
Bouffalant,626.0,95,110,95,40,95,55
Rufflet,627.0,70,83,50,37,50,60
Braviary,628.0,100,123,75,57,75,80
Braviary(Hisuian),628.1,110,83,70,112,70,65
Vullaby,629.0,70,55,75,45,65,60
Mandibuzz,630.0,110,65,105,55,95,80
Heatmor,631.0,85,97,66,105,66,65
Durant,632.0,58,109,112,48,48,109
Deino,633.0,52,65,50,45,50,38
Zweilous,634.0,72,85,70,65,70,58
Hydreigon,635.0,92,105,90,125,90,98
Larvesta,636.0,55,85,55,50,55,60
Volcarona,637.0,85,60,65,135,105,100
Chespin,650.0,56,61,65,48,45,38
Quilladin,651.0,61,78,95,56,58,57
Chesnaught,652.0,88,107,122,74,75,64
Fennekin,653.0,40,45,40,62,60,60
Braixen,654.0,59,59,58,90,70,73
Delphox,655.0,75,69,72,114,100,104
Froakie,656.0,41,56,40,62,44,71
Frogadier,657.0,54,63,52,83,56,97
Greninja,658.0,72,95,67,103,71,122
Ash-Greninja,658.1,72,145,67,153,71,132
Bunnelby,659.0,38,36,38,32,36,57
Diggersby,660.0,85,56,77,50,77,78
Fletchling,661.0,45,50,43,40,38,62
Fletchinder,662.0,62,73,55,56,52,84
Talonflame,663.0,78,81,71,74,69,126
Scatterbug,664.0,38,35,40,27,25,35
Spewpa,665.0,45,22,60,27,30,29
Vivillon(Meadow/Fancy),666.0,80,52,50,90,50,89
Vivillon(Polar/Tundra/Marine),666.1,80,52,50,90,50,89
Vivillon(Continental),666.2,80,52,50,90,50,89
Vivillon(Garden/Savanna/Jungle),666.3,80,52,50,90,50,89
Vivillon(Elegant),666.4,80,52,50,90,50,89
Vivillon(Icy-Snow),666.5,80,52,50,90,50,89
Vivillon(Mod/Sun/Ocean/Poke-Ball),666.6,80,52,50,90,50,89
Vivillon(HiPl/SS/Arch/Riv),666.7,80,52,50,90,50,89
Vivillon(Monsoon),666.8,80,52,50,90,50,89
Litleo,667.0,62,50,58,73,54,72
Pyroar,668.0,86,68,72,109,66,106
Flabébé,669.0,44,38,39,61,79,42
Floette,670.0,54,45,47,75,98,52
Florges,671.0,78,65,68,112,154,75
Skiddo,672.0,66,65,48,62,57,52
Gogoat,673.0,123,100,62,97,81,68
Pancham,674.0,67,82,62,46,48,43
Pangoro,675.0,95,124,78,69,71,58
Furfrou,676.0,75,80,60,65,90,102
Espurr,677.0,62,48,54,63,60,68
Meowstic(Female),678.0,74,48,76,83,81,104
Meowstic(Male),678.1,74,48,76,83,81,104
Honedge,679.0,45,80,100,35,37,28
Doublade,680.0,59,110,150,45,49,35
Aegislash(Shield),681.0,60,50,140,50,140,60
Aegislash(Blade),681.1,60,140,50,140,50,60
Spritzee,682.0,78,52,60,63,65,23
Aromatisse,683.0,101,72,72,99,89,29
Swirlix,684.0,62,48,66,59,57,49
Slurpuff,685.0,82,80,86,85,75,72
Inkay,686.0,53,54,53,37,46,45
Malamar,687.0,86,92,88,68,75,73
Binacle,688.0,42,52,67,39,56,50
Barbaracle,689.0,72,105,115,54,86,68
Skrelp,690.0,50,60,60,60,60,30
Dragalge,691.0,65,75,90,97,123,44
Clauncher,692.0,50,53,62,58,63,44
Clawitzer,693.0,71,73,88,120,89,59
Helioptile,694.0,44,38,33,61,43,70
Heliolisk,695.0,62,55,52,109,94,109
Tyrunt,696.0,58,89,77,45,45,48
Tyrantrum,697.0,82,121,119,69,59,71
Amaura,698.0,77,59,50,67,63,46
Aurorus,699.0,123,77,72,99,92,58
Sylveon,700.0,95,65,65,110,130,60
Hawlucha,701.0,78,92,75,74,63,118
Dedenne,702.0,67,58,57,81,67,101
Carbink,703.0,50,50,150,50,150,50
Goomy,704.0,45,50,35,55,75,40
Sliggoo,705.0,68,75,53,83,113,60
Sliggoo(Hisuian),705.1,58,75,83,83,113,40
Goodra,706.0,90,100,70,110,150,80
Goodra(Hisuian),706.1,80,100,100,110,150,60
Klefki,707.0,57,80,91,80,87,75
Phantump,708.0,43,70,48,50,60,38
Trevenant,709.0,85,110,76,65,82,56
Pumpkaboo(Small),710.0,44,66,70,44,55,56
Pumpkaboo(Average),710.1,49,66,70,44,55,51
Pumpkaboo(Large),710.2,54,66,70,44,55,46
Pumpkaboo(Super-Size),710.3,59,66,70,44,55,41
Gourgeist(Small),711.0,55,85,122,58,75,99
Gourgeist(Average),711.1,65,90,122,58,75,84
Gourgeist(Large),711.2,75,95,122,58,75,69
Gourgeist(Super-Size),711.3,85,100,122,58,75,54
Bergmite,712.0,55,69,85,32,35,28
Avalugg,713.0,95,117,184,44,46,28
Avalugg(Hisuian),713.1,95,127,184,34,36,38
Noibat,714.0,40,30,35,45,40,55
Noivern,715.0,85,70,80,97,80,123
Rowlet,722.0,68,55,55,50,50,42
Dartrix,723.0,78,75,75,70,70,52
Decidueye,724.0,78,107,75,100,100,70
Decidueye(Hisuian),724.1,88,112,80,95,95,60
Litten,725.0,45,65,40,60,40,70
Torracat,726.0,65,85,50,80,50,90
Incineroar,727.0,95,115,90,80,90,60
Popplio,728.0,50,54,54,66,56,40
Brionne,729.0,60,69,69,91,81,50
Primarina,730.0,80,74,74,126,116,60
Pikipek,731.0,35,75,30,30,30,65
Trumbeak,732.0,55,85,50,40,50,75
Toucannon,733.0,80,120,75,75,75,60
Yungoos,734.0,48,70,30,30,30,45
Gumshoos,735.0,88,110,60,55,60,45
Grubbin,736.0,47,62,45,55,45,46
Charjabug,737.0,57,82,95,55,75,36
Vikavolt,738.0,77,70,90,145,75,43
Crabrawler,739.0,47,82,57,42,47,63
Crabominable,740.0,97,132,77,62,67,43
Oricorio(Baile),741.0,75,70,70,98,70,93
Oricorio(Pa'u),741.1,75,70,70,98,70,93
Oricorio(Pom-Pom),741.2,75,70,70,98,70,93
Oricorio(Sensu),741.3,75,70,70,98,70,93
Cutiefly,742.0,40,45,40,55,40,84
Ribombee,743.0,60,55,60,95,70,124
Rockruff,744.0,45,65,40,30,40,60
Rockruff(Own-Tempo),744.1,45,65,40,30,40,60
Lycanroc(Midday),745.0,75,115,65,55,65,112
Lycanroc(Midnight),745.1,85,115,75,55,75,82
Lycanroc(Dusk),745.2,75,117,65,55,65,110
Wishiwashi(Solo),746.0,45,20,20,25,25,40
Wishiwashi(School),746.1,45,140,130,140,135,30
Mareanie,747.0,50,53,62,43,52,45
Toxapex,748.0,50,63,152,53,142,35
Mudbray,749.0,70,100,70,45,55,45
Mudsdale,750.0,100,125,100,55,85,35
Dewpider,751.0,38,40,52,40,72,27
Araquanid,752.0,68,70,92,50,132,42
Fomantis,753.0,40,55,35,50,35,35
Lurantis,754.0,70,105,90,80,90,45
Morelull,755.0,40,35,55,65,75,15
Shiinotic,756.0,60,45,80,90,100,30
Salandit,757.0,48,44,40,71,40,77
Salazzle,758.0,68,64,60,111,60,117
Stufful,759.0,70,75,50,45,50,50
Bewear,760.0,120,125,80,55,60,60
Bounsweet,761.0,42,30,38,30,38,32
Steenee,762.0,52,40,48,40,48,62
Tsareena,763.0,72,120,98,50,98,72
Comfey,764.0,51,52,90,82,110,100
Oranguru,765.0,90,60,80,90,110,60
Passimian,766.0,100,120,90,40,60,80
Wimpod,767.0,25,35,40,20,30,80
Golisopod,768.0,75,125,140,60,90,40
Sandygast,769.0,55,55,80,70,45,15
Palossand,770.0,85,75,110,100,75,35
Pyukumuku,771.0,55,60,130,30,130,5
Minior(Meteor),774.0,60,60,100,60,100,60
Minior(Red-Core),774.1,60,100,60,100,60,120
Minior(Orange-Core),774.2,60,100,60,100,60,120
Minior(Yellow-Core),774.3,60,100,60,100,60,120
Minior(Green-Core),774.4,60,100,60,100,60,120
Minior(Blue-Core),774.5,60,100,60,100,60,120
Minior(Indigo-Core),774.6,60,100,60,100,60,120
Minior(Violet-Core),774.7,60,100,60,100,60,120
Komala,775.0,65,115,65,75,95,65
Turtonator,776.0,60,78,135,91,85,36
Togedemaru,777.0,65,98,63,40,73,96
Mimikyu,778.0,55,90,80,50,105,96
Bruxish,779.0,68,105,70,70,70,92
Drampa,780.0,78,60,85,135,91,36
Dhelmise,781.0,70,131,100,86,90,40
Jangmo-o,782.0,45,55,65,45,45,45
Hakamo-o,783.0,55,75,90,65,70,65
Kommo-o,784.0,75,110,125,100,105,85
Grookey,810.0,50,65,50,40,40,65
Thwackey,811.0,70,85,70,55,60,80
Rillaboom,812.0,100,125,90,60,70,85
Scorbunny,813.0,50,71,40,40,40,69
Raboot,814.0,65,86,60,55,60,94
Cinderace,815.0,80,116,75,65,75,119
Sobble,816.0,50,40,40,70,40,70
Drizzile,817.0,65,60,55,95,55,90
Inteleon,818.0,70,85,65,125,65,120
Skwovet,819.0,70,55,55,35,35,25
Greedent,820.0,120,95,95,55,75,20
Rookidee,821.0,38,47,35,33,35,57
Corvisquire,822.0,68,67,55,43,55,77
Corviknight,823.0,98,87,105,53,85,67
Blipbug,824.0,25,20,20,25,45,45
Dottler,825.0,50,35,80,50,90,30
Orbeetle,826.0,60,45,110,80,120,90
Nickit,827.0,40,28,28,47,52,50
Thievul,828.0,70,58,58,87,92,90
Gossifleur,829.0,40,40,60,40,60,10
Eldegoss,830.0,60,50,90,80,120,60
Wooloo,831.0,42,40,55,40,45,48
Dubwool,832.0,72,80,100,60,90,88
Chewtle,833.0,50,64,50,38,38,44
Drednaw,834.0,90,115,90,48,68,74
Yamper,835.0,59,45,50,40,50,26
Boltund,836.0,69,90,60,90,60,121
Rolycoly,837.0,30,40,50,40,50,30
Carkol,838.0,80,60,90,60,70,50
Coalossal,839.0,110,80,120,80,90,30
Applin,840.0,40,40,80,40,40,20
Flapple,841.0,70,110,80,95,60,70
Appletun,842.0,110,85,80,100,80,30
Silicobra,843.0,52,57,75,35,50,46
Sandaconda,844.0,72,107,125,65,70,71
Cramorant,845.0,70,85,55,85,95,85
Arrokuda,846.0,41,63,40,40,30,66
Barraskewda,847.0,61,123,60,60,50,136
Toxel,848.0,40,38,35,54,35,40
Toxtricity(Amped),849.0,75,98,70,114,70,75
Toxtricity(Low-Key),849.1,75,98,70,114,70,75
Sizzlipede,850.0,50,65,45,50,50,45
Centiskorch,851.0,100,115,65,90,90,65
Clobbopus,852.0,50,68,60,50,50,32
Grapploct,853.0,80,118,90,70,80,42
Sinistea,854.0,40,45,45,74,54,50
Polteageist,855.0,60,65,65,134,114,70
Hatenna,856.0,42,30,45,56,53,39
Hattrem,857.0,57,40,65,86,73,49
Hatterene,858.0,57,90,95,136,103,29
Impidimp,859.0,45,45,30,55,40,50
Morgrem,860.0,65,60,45,75,55,70
Grimmsnarl,861.0,95,120,65,95,75,60
Obstagoon,862.0,93,90,101,60,81,95
Perrserker,863.0,70,110,100,50,60,50
Cursola,864.0,60,95,50,145,130,30
Sirfetch'd,865.0,62,135,95,68,82,65
Mr.-Rime,866.0,80,85,75,110,100,70
Runerigus,867.0,58,95,145,50,105,30
Milcery,868.0,45,40,40,50,61,34
Alcremie(VaCr/SaCr),869.0,65,60,75,110,121,64
Alcremie(RuCr),869.1,65,60,75,110,121,64
Alcremie(MaCr),869.2,65,60,75,110,121,64
Alcremie(MiCr),869.3,65,60,75,110,121,64
Alcremie(LeCr/RuSw/RaSw),869.4,65,60,75,110,121,64
Alcremie(CaSw),869.7,65,60,75,110,121,64
Falinks,870.0,65,100,100,70,60,75
Pincurchin,871.0,48,101,95,91,85,15
Snom,872.0,30,25,35,45,30,20
Frosmoth,873.0,70,65,60,125,90,65
Stonjourner,874.0,100,125,135,20,20,70
Eiscue(Ice-Face),875.0,75,80,110,65,90,50
Eiscue(No-Ice-Face),875.1,75,80,70,65,50,130
Indeedee(Male),876.0,60,65,55,105,95,95
Indeedee(Female),876.1,70,55,65,95,105,85
Morpeko(Full-Belly),877.0,58,95,58,70,58,97
Morpeko(Hangry),877.1,58,95,58,70,58,97
Cufant,878.0,72,80,49,40,49,40
Copperajah,879.0,122,130,69,80,69,30
Dracozolt,880.0,90,100,90,80,70,75
Arctozolt,881.0,90,100,90,90,80,55
Dracovish,882.0,90,90,100,70,80,75
Arctovish,883.0,90,90,100,80,90,55
Duraludon,884.0,70,95,115,120,50,85
Dreepy,885.0,28,60,30,40,30,82
Drakloak,886.0,68,80,50,60,50,102
Dragapult,887.0,88,120,75,100,75,142
Wyrdeer,899.0,103,105,72,105,75,65
Kleavor,900.0,70,130,95,45,75,85
Ursaluna,901.0,130,140,105,45,80,50
Basculegion(Male),902.0,120,112,65,80,75,78
Basculegion(Female),902.1,120,92,65,100,75,78
Sneasler,903.0,80,130,60,40,80,120
Overqwil,904.0,85,115,95,65,65,85
Sprigatito,906.0,40,61,54,45,45,65
Floragato,907.0,61,80,63,60,63,83
Meowscarada,908.0,76,110,70,81,70,123
Fuecoco,909.0,67,45,59,63,40,36
Crocalor,910.0,81,55,78,90,58,49
Skeledirge,911.0,104,75,100,110,75,66
Quaxly,912.0,55,65,45,50,45,50
Quaxwell,913.0,70,85,65,65,60,65
Quaquaval,914.0,85,120,80,85,75,85
Lechonk,915.0,54,45,40,35,45,35
Oinkologne(Male),916.0,110,100,75,59,80,65
Oinkologne(Female),916.1,115,90,70,59,90,65
Tarountula,917.0,35,41,45,29,40,20
Spidops,918.0,60,79,92,52,86,35
Nymble,919.0,33,46,40,21,25,45
Lokix,920.0,71,102,78,52,55,92
Pawmi,921.0,45,50,20,40,25,60
Pawmo,922.0,60,75,40,50,40,85
Pawmot,923.0,70,115,70,70,60,105
Tandemaus,924.0,50,50,45,40,45,75
Maushold(Family-of-4),925.0,74,75,70,65,75,111
Maushold(Family-of-3),925.1,74,75,70,65,75,111
Fidough,926.0,37,55,70,30,55,65
Dachsbun,927.0,57,80,115,50,80,95
Smoliv,928.0,41,35,45,58,51,30
Dolliv,929.0,52,53,60,78,78,33
Arboliva,930.0,78,69,90,125,109,39
Squawkabilly(Green),931.0,82,96,51,45,51,92
Squawkabilly(Blue),931.1,82,96,51,45,51,92
Squawkabilly(Yellow),931.2,82,96,51,45,51,92
Squawkabilly(White),931.3,82,96,51,45,51,92
Nacli,932.0,55,55,75,35,35,25
Naclstack,933.0,60,60,100,35,65,35
Garganacl,934.0,100,100,130,45,90,35
Charcadet,935.0,40,50,40,50,40,35
Armarouge,936.0,85,60,100,125,80,75
Ceruledge,937.0,75,125,80,60,100,85
Tadbulb,938.0,61,31,41,59,35,45
Bellibolt,939.0,109,64,91,103,83,45
Wattrel,940.0,40,40,35,55,40,70
Kilowattrel,941.0,70,70,60,105,60,125
Maschiff,942.0,60,78,60,40,51,51
Mabosstiff,943.0,80,120,90,60,70,85
Shroodle,944.0,40,65,35,40,35,75
Grafaiai,945.0,63,95,65,80,72,110
Bramblin,946.0,40,65,30,45,35,60
Brambleghast,947.0,55,115,70,80,70,90
Toedscool,948.0,40,40,35,50,100,70
Toedscruel,949.0,80,70,65,80,120,100
Klawf,950.0,70,100,115,35,55,75
Capsakid,951.0,50,62,40,62,40,50
Scovillain,952.0,65,108,65,108,65,75
Rellor,953.0,41,50,60,31,58,30
Rabsca,954.0,75,50,85,115,100,45
Flittle,955.0,30,35,30,55,30,75
Espathra,956.0,95,60,60,101,60,105
Tinkatink,957.0,50,45,45,35,64,58
Tinkatuff,958.0,65,55,55,45,82,78
Tinkaton,959.0,85,75,77,70,105,94
Wiglett,960.0,10,55,25,35,25,95
Wugtrio,961.0,35,100,50,50,70,120
Bombirdier,962.0,70,103,85,60,85,82
Finizen,963.0,70,45,40,45,40,75
Palafin(Zero),964.0,100,70,72,53,62,100
Palafin(Hero),964.1,100,160,97,106,87,100
Varoom,965.0,45,70,63,30,45,47
Revavroom,966.0,80,119,90,54,67,90
Cyclizar,967.0,70,95,65,85,65,121
Orthworm,968.0,70,85,145,60,55,65
Glimmet,969.0,48,35,42,105,60,60
Glimmora,970.0,83,55,90,130,81,86
Greavard,971.0,50,61,60,30,55,34
Houndstone,972.0,72,101,100,50,97,68
Flamigo,973.0,82,115,74,75,64,90
Cetoddle,974.0,108,68,45,30,40,43
Cetitan,975.0,170,113,65,45,55,73
Veluza,976.0,90,102,73,78,65,70
Dondozo,977.0,150,100,115,65,65,35
Tatsugiri(Curly),978.0,68,50,60,120,95,82
Tatsugiri(Droopy),978.1,68,50,60,120,95,82
Tatsugiri(Stretchy),978.2,68,50,60,120,95,82
Annihilape,979.0,110,115,80,50,90,90
Clodsire,980.0,130,75,60,45,100,20
Farigiraf,981.0,120,90,70,110,70,60
Dudunsparce(Two-Segment),982.0,125,100,80,85,75,55
Dudunsparce(Three-Segment),982.1,125,100,80,85,75,55
Kingambit,983.0,100,135,120,60,85,50
Frigibax,996.0,65,75,45,35,45,55
Arctibax,997.0,90,95,66,45,65,62
Baxcalibur,998.0,115,145,92,75,86,87
Gimmighoul(Chest),999.0,45,30,70,75,70,10
Gimmighoul(Roaming),999.1,45,30,25,75,45,80
Gholdengo,1000.0,87,60,95,133,91,84
